KDE RGB Palette
#
176 173 171 
176 173 171 
150 147 146 
150 147 146 
157 154 153 
157 154 153 
164 161 160 
164 161 160 
172 169 168 
172 169 168 
228 211 203 
228 211 203 
242 242 242 
242 242 242 
232 232 232 
232 232 232 
232 232 232 
232 232 232 
201 201 201 
201 201 201 
210 210 210 
210 210 210 
76 76 76 
76 76 76 
82 82 82 
82 82 82 
59 58 58 
59 58 58 
59 58 58 
59 58 58 
76 78 81 
76 78 81 
76 78 81 
105 105 105 
105 105 105 
76 78 81 
76 78 81 
76 78 81 
76 78 81 
165 166 180 
165 166 180 
59 58 58 
59 58 58 
59 58 58 
59 58 58 
207 209 211 
207 209 211 
207 209 211 
207 209 211 
207 209 211 
207 209 211 
207 209 211 
75 71 67 
75 71 67 
208 204 202 
208 204 202 
208 204 202 
208 204 202 
208 204 202 
42 42 42 
42 42 42 
213 209 207 
213 209 207 
213 209 207 
213 209 207 
119 183 255 
119 183 255 
213 209 207 
213 209 207 
213 209 207 
213 209 207 
213 209 207 
30 30 30 
30 30 30 
255 255 255 
255 255 255 
64 64 64 
64 64 64 
64 64 64 
64 64 64 
64 64 64 
246 246 246 
246 246 246 
82 82 82 
117 117 117 
85 85 85 
208 208 208 
98 98 98 
0 0 0 
0 0 0 
0 0 0 
0 0 0 
0 0 0 
0 0 0 
208 208 208 
98 98 98 
221 218 216 
